		Russia	Russia	Russia	Russia	China	China	China	China	Europe	Europe	Europe	Europe	Rest of Asia	Rest of Asia	Rest of Asia	Rest of Asia	Americas and Australia	Americas and Australia	Americas and Australia	Americas and Australia	Africa	Africa	Africa	Africa
new		Households consumption	Government consumption	Gross fixed capital formation	Other	Households consumption	Government consumption	Gross fixed capital formation	Other	Households consumption	Government consumption	Gross fixed capital formation	Other	Households consumption	Government consumption	Gross fixed capital formation	Other	Households consumption	Government consumption	Gross fixed capital formation	Other	Households consumption	Government consumption	Gross fixed capital formation	Other
region	sector																								
Russia	Crops, vegetables, fruit and nuts	9682.77078823	19.8407933717	405.941176166	1918.07828278	4.12402542316	15.0192350862	0	37.5859213009	846.724950011	57.3107013524	0.293653451812	13.1671799144	920.726527729	0.471674179905	6.41638914766	2.01640696762	10.0532124037	0.00108023478663	0.00909648998909	0.0976269384827	192.485810161	0.00159771492598	0	0.000411830926838
Russia	Wheat	0	11.3091500266	4.95931229355	142.649740636	0	0.000997396179713	0	21.1416855345	160.672244343	0.404776071336	0	1.45664003435	761.559207714	1.75372143668	0	0.397889626157	48.0546210641	0	0	17.8884040355	206.178211836	0.000402093400557	0	0.00022036788215
Russia	Cattle	0	36.8495557128	228.543139506	409.07037758	0	0	0	0	0	0	0	0	3.86648440418e-12	8.08075814815e-07	0	5.82573349283e-06	0	0	0	0	0	0	0	0
Russia	Animal products	6559.56411016	826.805957911	182.075632999	6037.45598197	1.64959064257	2.03158787658	0	0.225152812778	187.253026972	0.0459067083225	0.00820742149489	1.95385903256	447.602959043	0.0548696484578	8.77295003125	0.169353658407	4.23647703799	0	0	0.0187322263073	5.10414652299	2.46201729447e-05	0	1.01082885148e-06
Russia	Fish	28939.4291444	31.0348003602	2.69878504836	1801.3101389	2533.90546481	7.44153204424e-05	0	0.38023062418	321.847339911	0.82754658107	0	4.19208942622	1789.72610244	0.0111164728217	0	16.0884179767	66.6240631089	0	0	1.05680993576	60.1440842516	0.00290674887949	0	3.95399701649e-05
Russia	Drinks and tabacco	23739.251115	12.2529925234	0	810.050766189	0	0	0	0.917879167133	532.90897862	0.0110866594787	0	1.82579041989	674.868772069	0.0962888949325	0	0.447361580267	44.0745942016	0	0	0.0899689395132	11.7540491645	6.99181878368e-05	0	0.000126513411453
Russia	Food n.e.c.	33035.0810236	845.997575484	0	2161.04948346	190.312739468	0	0	0.0847778610561	1098.52978359	1.59177550846	0	8.03377910378	3014.76576923	7.77154126669	0	2.29859268615	35.2826516031	0	0	0.060170665563	126.751227909	0.366942708316	0	6.11867756151e-05
Russia	Natural gas	2073.16644807	382.067830059	0	2317.98593104	0.0011215969566	0	1.07421292868e-09	7.29048344213e-05	1537.06767002	1.07981759545	201.129752576	6980.71359896	668.83882821	0.0502541427332	692.630444663	0.663167030712	0	0	0	0	11.0705086629	0.000105012455573	0	1.23236671818e-05
Russia	Oil	11780.1556894	818.734430924	0	2838.63533923	70.9534273886	0	0	110.84777008	4658.17748624	2.2506157281	585.161916176	468.251720432	3568.51434382	16.1054878484	131.995279555	368.890047619	792.359349288	0	54.7466801145	3.82204707851	340.875565678	0.149849747111	0	0.0121714890485
Russia	Coal	0	332.374425199	0	66.292781825	0	0	0	0	0.78688623351	0.00166191971957	0	21.6333246302	20.3265915457	0.00492728358786	0	0.548779027464	0	0	0	0	0	0	0	0
Russia	Mining & quarrying	546.61264058	503.478774815	0	2351.07475699	0.0743641804885	0	1.20136630691e-09	9.79765324477	567.099389674	0.244807735448	0.556735363742	427.560255015	386.650538056	86.7250943704	0.915666395075	351.060410797	0.221652013389	0	0.0121915311576	5.89606860252	162.227000734	0.0751176791788	1.72722398584	0.0574076866645
Russia	Textiles, leather & wearing apparel	9191.29067226	60.7476817956	0	644.484915031	1.13736814687	0	0	0.0686698669017	696.020775938	0.722198052255	2.64407451453	123.415511255	410.39873129	0.571860924615	1.268588196	1.77313446245	12.3667220807	0	0.130365265234	0.0513279283162	3.05907964033	0.0003864592538	0.152943179558	0.00286898664774
Russia	Forestry etc	3810.95370682	1.56991466951	52.4070406065	263.702915496	107.699962433	0.194016682064	0	8.43117931119	40.045417531	0.0851605112203	25.7766600138	33.8043883694	4.79140387925	0.00387328908115	0.501024477794	5.77928938352	0.0133250502042	0.0089654786986	0	0.0163940873801	5.08242190177e-07	6.17259954783e-08	0	1.28942176552e-09
Russia	Wood, paper & publishing	5396.71172341	142.689747552	983.288323902	2590.584478	14.9360870027	0	5.69416420685	4.12285908188	1126.39214298	1.27065871676	93.5721781972	35.3684629166	2087.08007263	44.7538146381	885.476024931	62.3571462798	86.5217135648	0.000476882507416	5.47357793793	3.48004394044	89.5471506304	0.01515346788	2.13268758653	10.1997407811
Russia	Chemicals & non-metallic mineral products	10035.6815216	375.856131618	0	3656.96926119	63.1939627956	0	0	10.0330709934	3567.05013753	783.007963124	10.018114197	429.15730717	4166.02547032	172.53317894	29.0184848269	60.4055681274	700.381791642	7.32339101801	3.02930885689	24.6390060448	291.752377705	0.592323004943	0.314940908613	0.649829278022
Russia	Metal & metal products	37321.4954816	415.911161853	4066.51111178	9738.17062214	0.292603876117	0	0.278357714927	19.3441069912	181.49883621	7.23205687136e-05	189.722559745	2041.53828543	246.857988528	0.194114610753	441.981887435	113.124520365	19.3922874917	0	30.0505566525	55.9014695469	5.01746390147	1.32688684619e-06	11.4482081193	1.0900327797
Russia	Electrical & machinery	4296.3011915	154.134225943	17092.635748	3947.38023226	0.0281128431726	0	0	2.77125728681	646.934814684	7.02151559169	1799.80705939	478.354735433	829.058308837	21.5698332477	4303.9924519	66.2116659084	103.104098131	0	370.181229723	1.83844985332	85.2473404796	4.58173557089	272.324778709	0.0656604338707
Russia	Transport equipment	668.574174034	0.0250756344658	0.437747806992	1422.14253988	41.3421556043	0	879.54476738	15.2515615586	872.519607606	3.43300881688	750.342781746	287.049204083	1061.71778062	2.31274996863	1754.19775602	26.7567832778	105.246746806	0	286.050697775	5.1161090244	183.139587396	0.103897643366	204.760357732	0.103735137682
Russia	Manufacturing & recycling	701.003403653	0.0143452662716	0.151986210433	882.275329513	2.90625822982	0	0	0.39649754699	516.31536465	0.111816394419	121.266518204	2.13151627429	425.087851881	0.0130137631976	256.363711187	1.30173541955	112.520110324	0	17.1929831545	0.603563177953	36.0722357884	1.079150215e-05	14.1155084373	0.430184227756
Russia	Electricity by gas	11343.0046866	4945.23530265	0	0.838316929411	0	0	0	0	0.144144246805	4.86633460589e-06	0	0	0.0471358993376	0.000147015937118	0	0.000107962058418	0	0	0	0	0	0	0	0
Russia	Electricity other & water	15854.1860742	14020.0693631	0	1.45205283471	0	0	0	0	0.0804620433902	5.27860060611e-05	0	0	6.6284168196	0.000227451117481	0	0.00016626162849	0	0	0	0	0	0	0	0
Russia	Construction	2409.01548186	741.398179341	184463.564232	236.747098321	6.4804884597	0	181.046841276	0	34.3254027316	0.673733016787	617.285329475	0.800007442132	4.11577458846	0.18439843702	440.856147505	0.00817313280114	0.855659778253	6.5746934294e-05	161.772876376	9.62353664962e-05	1.66825697698	0.000136759969823	139.515656477	0.000203037196337
Russia	Sale, maintenance & repair of vehicles; fuel; trade; hotels & restaurants	119498.415276	2640.00736722	3367.37859954	43894.8747734	284.319012085	4.32301077478e-05	0.000545045964203	0.000249475069471	3488.82734004	48.3142167075	4.08438322488	3.50354255721	353.205323673	14.864646286	13.1724575849	58.1335442284	495.522755849	0.0066723064423	0.00071002013035	0.0106052426164	40.8591041969	0.0537959925974	0.000495061435093	0.0113327287947
Russia	Transport	32627.8464289	9206.95326763	384.569033286	519.885150233	220.489396469	1.22237964872	0.78049717385	0.426588061452	3756.76315162	166.037134279	67.0747991475	3.98955721293	427.080178981	33.6428508183	36.4515945779	1.83488241053	350.208659034	6.4874333821	8.61441396161	1.41705944347	128.482808709	1.36756145191	2.78980184233	54.9862971954
Russia	Post & telecommunications	28024.8029075	142.931436955	0	0	0.246599758698	0	0	0	237.724050796	0.316158764756	2.33537395284	0.00146393000437	29.0059046882	0.00622890620736	4.17772054069	0.00671907475826	72.8719989516	0.000953072050309	3.64078032507	0.000949779007818	5.41461056173	0.0214188046096	0.0154467344684	0.000189433485203
Russia	Financial intermediation & business activity	33455.9550064	89849.998005	9411.40391873	38.5074176182	3.4739375733	1.19369658823	0	8.33079181373	536.545292551	35.0911854021	662.638500211	23.153881622	301.066133215	35.2543254202	142.846984486	22.2192537116	496.234914391	26.6317519417	581.793988051	1.04996761393	31.3169550773	2.65669254663	24.2782120519	0.0109392205254
Russia	Public administration; education; health; recreation; other services	61235.692151	143305.927448	16741.8824616	130080.56411	0.154637708577	0.166753830592	0	0.596160970995	326.935264455	159.761329354	2.49109244051	56.7683919288	225.566858733	79.2709545075	2.13538051784	11.5276886722	163.232807965	10.0293925953	0.00134171291927	0.239358555733	1.66958352466	1.85587121921	0.0209787902531	0.178369618997
China	Crops, vegetables, fruit and nuts	553.395906254	0.00600303564873	0	13.1200974137	93969.3619088	7126.68074214	0	38433.3243377	629.565406829	0.800540245302	8.88898049829	19.5078900776	6514.5143242	1.51013044067	189.708868743	12.0965478013	621.95551965	0.0634717032649	0.680278889145	20.1302398313	537.504003938	0.00121649905043	0	0.00496129434365
China	Wheat	0	3.14992981834e-06	0	0	0	4974.2028269	0	6248.79534494	0.0977686101113	0	0	0.00235916591009	0.0666895644829	1.40079820487e-07	0	7.08118064712e-07	0.00109707687108	0	0	0.000191097244895	0.301869000591	5.88711735783e-07	0	3.22644336445e-07
China	Cattle	0	0	0	0	0	0	25848.0540768	1959.54115304	0	0	0	0	0	3.33455180397e-06	0	2.40538814747e-05	0	0	0	0	0	0	0	0
China	Animal products	1.57423918431	3.36878542865e-05	0	0.01408072027	23909.8821518	8791.32093099	73586.049016	25480.5535641	219.310401781	0.684690264929	0.140968305483	18.0142751824	1404.35507549	0.0872623148658	53.3488083756	14.6824349127	77.7050335296	3.69771398176e-05	0.161276253276	4.76950247523	31.9555354828	0.000199932555867	4.28153442837e-10	0.000125484211668
China	Fish	382.792685041	5.74517984536e-05	0	4.08644315699	325192.122134	0	0	15442.2441737	675.863122995	6.30854492963	0.000171418341918	8.86037758703	7119.42730029	0.0594251009285	0	52.2321773031	2782.07888915	0	0.000100948573187	32.3996914533	671.49829865	0.0324203719649	0	0.000486372692222
China	Drinks and tabacco	10.9692944548	0	0	0.00810402928798	15974.4894208	0	0	1444.23102607	61.6345539318	0.0083726880131	0	1.25703029569	2742.16801086	0.0713507659232	0	2.28582574715	221.023715501	0	0	0.295460074115	36.2922236721	0.000162638423333	0	0.00590125905054
China	Food n.e.c.	427.756016783	0	0	10.0482438843	0	0	0	8.59167094239	2208.12274167	1.03529397825	0	21.1305257135	14624.0601439	68.7023182684	0	147.672839725	3754.5587962	0	0	7.65436243554	1468.4630537	5.35221993012	0	0.000921233598631
China	Natural gas	0	0	0	0	3022.53236416	0	0	982.944512002	1.42786311391	0.000929906349426	0.00326192973713	0.0967985487921	900.072478416	0.0433858459888	698.21531231	0.156382934493	1.5651322591	0	0.268708043192	0.0230377485145	0.427425077467	0.10229193926	0	0.000377420183349
China	Oil	39.3234287254	0.237077839723	0	35.2873554668	60575.9532501	0	0	895.272480932	360.732172177	0.0164002632135	0	29.550666019	9799.39327129	1.04052822897	51.565168902	32.9658530881	1434.17748306	0	5.50701890816e-05	143.587300945	431.812959218	0.0267319212534	0	8.02216595014
China	Coal	0	0	0	0	60.5223953303	0	0	38.5880186592	0.540834318801	7.44262261778e-05	0	24.2944282689	117.641788963	0.0279638717891	0	13.1274528936	1.05652729285e-10	0	0	74.2682974167	36.4140360393	0.00504965578295	0	3.74221029379e-06
China	Mining & quarrying	0.057447190537	0	0	0.326675006852	18.2327656897	0	0	1593.57086039	5.66063700312	0.00110122260842	4.10622525158	10.351989576	39.8760906208	1.67205343249	0.101437013884	20.6761316137	2.29847855781	0.000206054297816	1.4861572761	3.16678303598	2.48778193995	0.000138253733669	2.16418143314e-08	0.776091380826
China	Textiles, leather & wearing apparel	5240.27890781	3.96535824636	0	55.6852420216	222414.841309	0	0	19639.835357	37684.1435464	44.6961405943	157.899365137	711.478112931	78634.8645308	116.698734674	1310.76890766	819.751335431	63196.6424367	0	252.622003105	233.596344219	12109.803028	0.673589062466	251.364110411	17.9765247984
China	Forestry etc	2.89087705553	0	0	0.11211912504	3734.15440057	65.3462584894	0	598.54144333	8.69921506011	0.0525199380988	0.517412307983	3.42854470061	11.5272573899	0.00191599829219	0.103752646605	12.5291421133	0.102277153406	0.0201505607756	0.0106959329407	0.532514422661	0.579211716624	2.24072555401e-05	0	0.00291807845364
China	Wood, paper & publishing	144.141202644	0	23.0231517933	23.5182427171	13303.6261345	0	697.090864507	7510.44036887	1170.15356502	7.94360804381	188.233097573	85.546877586	7707.16240966	43.6241733057	1465.6157824	106.450184121	2808.2832579	0.28696189579	85.1641102729	43.2567141535	596.091025383	0.0495596227785	69.3013970399	2.5469942478
China	Chemicals & non-metallic mineral products	1851.62270831	91.5937293928	0	135.651078899	24050.7047497	0	0	17918.4293656	7120.37498316	1992.28440628	198.566564849	196.473571388	45435.1966959	558.145750623	950.595228426	1198.23406542	29353.4995423	852.885316956	226.678781904	343.587788601	6246.47167578	30.4013148597	63.8060907495	47.1737411151
China	Metal & metal products	935.61272142	1.86667554285	102.152911692	67.0153981925	2352.64088814	0	2453.7022251	23506.3674509	1334.25491215	5.09848221532e-05	1868.57615671	584.841638435	4313.81130368	2.31578933884	7975.97452851	459.933575082	2988.82877059	0	2400.47159713	139.029437409	794.162077824	0.000429441446387	961.75129548	3.61912027083
China	Electrical & machinery	6319.59409501	2.97544701402	4469.16594504	2893.03514121	95794.0760373	0	936886.375876	45919.780193	22826.573505	352.15959492	41412.3532618	3532.82787414	127105.826536	1882.58666662	269130.852586	3552.33544053	52161.6188308	0	120060.408025	998.183994621	4198.23297418	29.7395215031	13093.3636945	18.9897842936
China	Transport equipment	730.848615289	0.000132669868775	0.0686031439981	977.399853577	120552.134168	0	566391.972212	15635.4419834	2847.5745767	12.8364662992	4454.46576743	286.069860727	10591.5086891	69.8647990762	13789.9821359	179.919712164	10804.9450093	0	14583.7711916	323.293340477	2158.67825369	1.99550437599	2789.46263903	9.05304452129
China	Manufacturing & recycling	547.780052098	6.29929433026e-05	0	622.817597953	127.289438255	0	0	5934.21883886	16508.9084586	11.2023406792	2784.40234546	140.481188188	21740.3006712	19.2588174884	11638.9000157	1653.37285635	46346.7378423	0	6692.70236925	223.032679621	2333.81583701	0.000715156691802	930.859376227	23.2623549933
China	Electricity by gas	0	0	0	0	113.880814682	0	0	26.6243988766	0	0	0	0	0.00145424007323	4.53571197572e-06	0	3.33082801014e-06	0	0	0	0	0.000180990891556	0	0	0
China	Electricity other & water	0	0	0	0	17582.4431409	0	0	0	0	0	0	0	29.6999241474	0.000701550478773	0	0.000515663842293	0	0	0	0	0	0	0	0
China	Construction	0.505991273826	0	181.162426466	0	0	0	3025548.81427	0	7.28831983488	0.0117249247566	313.277262821	0.0167796335495	8.39540321474	0.474102627647	695.356987952	0.00239795137398	7.36568101984e-05	5.62689104679e-09	7.55056676242	8.15483659421e-09	3.71675138851e-05	3.26286508455e-09	0.00269503382833	4.84412931393e-09
China	Sale, maintenance & repair of vehicles; fuel; trade; hotels & restaurants	301.282011054	1.1023652244e-06	2.33577374347e-05	72.8790545443	620492.317944	2755.07897804	26672.821933	9843.38055548	725.128228191	158.915047646	5.05768249761	1.1403654776	3799.17890025	3.03973868488	83.0913992168	209.476171021	121.80679599	5.46276663356e-06	0.0146891679038	0.634981660925	0.00427311925492	4.52262338333e-05	0.000283101152918	0.000182114583232
China	Transport	27.6374981879	2.25788075389	1.8797277769	0.833843644951	46080.5237972	51354.0969397	13778.431891	108008.875768	2697.57889804	75.036383676	5.6213218449	0.864334196204	1242.0184609	90.4743029997	46.2298270905	3.42363041884	848.73038208	0.50282235066	6.23774587773	9.66556205043	0.00420060456229	0.000212511850609	6.63761641574e-05	0.00328859450534
China	Post & telecommunications	16.6774517335	5.13635476323e-05	0	0	396.236295966	0	0	0	23.9275380354	0.0511540173987	0.116983855557	0.000177353841198	30.9749538235	0.00291159339215	12.99306854	0.00246443450866	30.478468131	0	2.07526839037	0	0.00108944056303	4.3095462337e-06	3.10794264968e-06	3.81147490523e-08
China	Financial intermediation & business activity	1.11237056128	0.353124464571	0.0388653556375	0	1007367.3036	94395.4976355	537727.782787	60799.1692703	211.678502738	188.384125382	245.294071121	44.7182377291	1776.5963404	111.898749282	610.350703373	21.8528704293	214.257906855	0.00269927817832	589.547472283	0.427261576272	0.0119359997957	0.00141287674549	0.00245821791449	0.000240076289721
China	Public administration; education; health; recreation; other services	0.708361084663	0.134586898865	0.0553156691746	0.454058149104	652893.207562	1953375.51424	0	1260195.97166	368.646854792	68.321051115	1.27077985776	21.5133229493	7431.14436143	617.153907136	26.0615903481	422.138986637	393.942452154	34.0832749649	3.38299361699e-05	14.2008505458	0.0413296642331	0.0119064958893	0.000164424240972	0.00228448195384
Europe	Crops, vegetables, fruit and nuts	1318.52066061	0.246896234391	0	21.3867878442	42.6018938397	2.97665367917	0	12.5714311555	120620.601641	1177.05017128	1349.18176989	4453.32900702	3337.26955885	2.36816821104	138.360559488	17.5849405388	1354.44156645	0.169243189922	2.20828060032	43.9251228008	1311.51791166	0.00609628454306	0	0.0632382376917
Europe	Wheat	0	0.0168901682061	0	0	0	0.0024666132885	0	52.2845019275	13474.6041115	191.677984621	0.00280854163514	753.595068355	439.460610556	0.945523571348	0	1.19124196512	39.4105491054	0.000285606989531	0.00278161587691	5.3490140068	357.362198779	0.000696935822937	0	0.000381956707279
Europe	Cattle	0	0.976418958128	0	0	0	0	0	0	0	2.29363447248	4587.38713334	469.084795686	1.82849099089e-07	462.837417112	0	0.0149247316891	1.40144148846e-07	0	0	0	0	2.35009655439e-06	0	2.86994065857e-06
Europe	Animal products	2445.62346828	0.301351147112	0	53.2127659746	1324.14785654	63.599572808	0	37.6087271997	379555.321865	850.455976536	5953.81052548	8499.17180722	11640.663587	11.5698316085	123.933550029	89.3964987093	3548.1928724	3.57983342469	4.42656301024	119.47887822	3969.82425123	0.0222954819265	2.04291770156e-09	11.5648482154
Europe	Fish	432.655451133	0.00137500104883	0	5.3692500179	1463.57419498	0.010335913157	0	1.07488768048	30752.0951436	123.153698214	1.61551415075	2736.97927738	3062.29983955	0.270822884783	0	18.0669381122	1560.15341536	0	4.63152684635e-05	16.2994116739	1298.987395	0.0659472086439	0	0.00906127434286
Europe	Drinks and tabacco	1511.85829054	0	0	1.36519942622	0	0	0	57.7473055561	89019.7523853	63.0363896258	0.565184132267	2854.22839956	13446.889104	1.52154947476	0	37.9957034888	18720.7776759	0	0	36.54033548	2019.98434217	0.0111532116847	0	0.918457619525
Europe	Food n.e.c.	4162.93151899	0	0	99.1564437143	5035.98691542	0	0	2.24948223187	361014.344087	766.781642752	0.4490920166	4815.87682821	24555.1379926	119.069535222	0	114.864131845	14208.4438089	0	0	24.918294801	7055.19522826	24.0923401028	0	0.0222548961226
Europe	Natural gas	0.0324340078559	7.87465822499e-05	0	0.140708547829	0.02227268246	0	5.31863684586e-09	0.0206396284093	4249.00783692	11.6344164007	4374.1393435	22736.9155965	426.300652259	0.777405189358	1.4980725012	2.12348538051	26.8675040799	0	8.93091548384	0.680052948873	271.813600027	0.57301374439	0	0.084697018021
Europe	Oil	300.346953288	1.87538513707	0	29.8598102246	217.323814889	0	0	23.7794777019	161101.447748	336.283063889	6445.0967195	12588.9941812	7033.10286087	21.4713926288	46.9395161515	223.178560822	12415.3207253	0	175.723192339	171.200334922	9220.98447252	1.47835159428	0	6.74304263564
Europe	Coal	0	0	0	0.0259985884293	0	0	0	0.000606063221135	370.752949977	1.25379261974	0	325.323656446	10.8449047803	0.00263017042757	0	3.8549233561	1.57667193578e-08	0	0	4.94106728279	50.5545826612	0.0070103383371	0	5.19523734205e-06
Europe	Mining & quarrying	0.494423530867	0.0655856069828	0	10.2897657025	2.48693568507e-07	0	8.9781034006e-08	4.17731385015	6027.52435585	59.3011294417	1909.21329276	9257.34977529	35.1472222638	0.473524876665	0.268976687753	121.390230907	4.71699296206	0.00665062002639	0.593522877406	14.1924563506	9.78889478955	0.0448015999022	0.0390164023926	199.164426351
Europe	Textiles, leather & wearing apparel	5097.64033134	4.04009252064	0	70.960436823	1747.24307339	0	0	39.2335328104	193022.366928	454.506543428	2272.46517981	6266.38436979	17814.1747608	94.8662610751	250.340598756	148.26137437	11800.3580419	0	46.5514521303	60.9759753826	5208.20357457	0.465990609576	180.610263053	1.66649104509
Europe	Forestry etc	19.3053274076	0	0	0.74873347291	59.7720371748	0.107676660892	0	4.67919163418	9507.23230193	80.8009542884	2241.86775415	4156.00201213	99.7270508873	0.0364851728192	0.570132688771	5.42527254619	0.817813254362	0.0595908028839	0.0978463405545	4.46447315884	3.54354224641	0.00021058026655	0	0.0178509119854
Europe	Wood, paper & publishing	1218.67684969	0	139.096281488	220.380848523	41.1418567598	0	3.14891907584	33.2706402867	115520.541802	2633.62956478	45162.1478231	9786.600874	6130.96886628	103.615484479	1152.41353959	189.816928129	3490.50554374	1.24369027564	116.921484957	54.9417671852	2097.48984681	0.206931571249	197.211423658	22.8175442129
Europe	Chemicals & non-metallic mineral products	4713.973964	309.475949918	0	714.375380087	1714.71070754	0	0	252.219603824	108452.061532	138799.041357	7221.96230311	27502.4519528	31960.782097	1144.84928119	517.101256179	469.200358034	39362.9531727	524.613183614	352.527310599	337.305901679	6496.50116474	26.5182513427	81.7376160135	50.3738521952
Europe	Metal & metal products	2638.93513696	5.26564237657	288.159719431	191.635378458	39.3436813651	0	37.4281345377	157.04879113	38366.587814	170.75919945	66870.8121685	18466.5668152	1806.49544615	1.81606642456	5813.21235578	335.395322479	2327.25166284	0	1876.57838151	227.560141428	897.603722299	0.000478739800875	1057.8279392	5.51128455249
Europe	Electrical & machinery	6979.64714388	10.890442928	16360.5668095	5043.95058776	8.62928394243	0	0	881.093654915	139082.622816	7606.66483699	467706.052341	42264.7507749	27011.2889513	1149.89225539	146089.498867	1442.94606629	27578.6760316	0	95766.6719193	661.023230173	5947.29484411	76.2348534171	23288.6734408	32.3961243314
Europe	Transport equipment	5207.72355358	0.000940125693413	0.489380195719	6885.09306995	10982.4826697	0	42563.9938186	366.562285932	194401.664524	1098.49129943	228011.568936	15235.0666257	29283.0631661	171.756810811	47763.3709875	862.768041186	34391.0041999	0	55037.3947034	1226.55342821	8237.87602437	2.85180304122	8159.1038101	85.9955222844
Europe	Manufacturing & recycling	1002.89888164	0.000115330144184	0	1140.28079347	427.412509808	0	0	58.3114087912	133896.297034	136.957625446	52441.8788348	6904.90592604	13145.970175	5.34737037087	9325.33494306	475.044302582	16971.6366743	0	2517.85204662	83.8255439963	1314.89081635	0.000391459933064	512.552780567	16.1947976724
Europe	Electricity by gas	0	0	0	0	0	0	0	0	67501.8118063	567.032634061	918.092749817	1614.21510637	0.0652149481068	0	0	0	0	0	0	0	60.853337473	6.60032721351e-05	0	4.97488425762e-05
Europe	Electricity other & water	0.00294571791794	0	0	0	0	0	0	0	234771.359653	1395.01557348	9.44470144407	4251.86983022	0.237571606513	0.000453236953272	0	0	0	0	0	0	44.4003020379	0.0305082872286	0	0.000196494280574
Europe	Construction	9.41266397959	0	3370.06018534	0	64.9283884689	0	1813.91876778	0	40403.3971291	3530.36059399	1739535.30482	3874.12862976	37.48925493	1.36839971792	4140.06968673	0.0820407524369	43.5616987427	0.00875335358413	6636.18909032	0.0262545509703	45.0295138109	0.00384407981625	3473.65509666	0.00570701492106
Europe	Sale, maintenance & repair of vehicles; fuel; trade; hotels & restaurants	8530.27550523	2.99445174829	69.0091433849	1545.38938963	3111.14337479	11.2210480615	141.475172711	65.2648221485	1365216.08573	27479.6399629	72533.7263007	28540.5250621	9807.21201191	127.303868595	431.468559675	923.720831338	42380.810486	2.25955890292	68.2649816385	370.731457838	2786.66075262	22.5721495701	119.235840304	61.794926413
Europe	Transport	3271.73132688	191.798548384	34.8865814516	34.4530256133	279.365290697	138.41447597	85.0880694121	47.0863076488	657275.473229	112311.022352	12399.6798911	9482.5555502	4909.75768139	290.03625127	208.069672145	35.7558923131	17168.7630579	192.320572597	112.884095773	173.960180762	1604.2195372	36.9439495328	19.3777844107	460.526915097
Europe	Post & telecommunications	1555.48575672	0.00479061597859	0	0	1.78647392447	0	0	0	396770.467642	4743.02807937	3443.54996122	19.8350243244	646.468423914	0.92166135432	55.8780841259	0.991779981357	2511.7569138	0.225283996614	127.346789649	0.224505598199	342.576819215	1.35514565099	0.977298939806	0.0119852610033
Europe	Financial intermediation & business activity	232.930117951	127.294410715	14.8071760955	0	653.479537518	100.82027151	0	465.766882736	2376097.09884	97832.6680579	685705.322007	49631.6615218	12498.7167664	1274.21177728	5239.15058807	861.625972096	26810.4775007	224.511172228	9009.75113447	118.063805484	4708.28251096	217.672062434	1284.65316354	38.1284178716
Europe	Public administration; education; health; recreation; other services	400.539242177	315.760614963	53.3334889869	485.94050174	2019.03816275	478.252091701	0	557.949473761	894014.165799	3133290.22712	35483.7102222	1052258.81554	16258.0714682	8326.29770236	202.889173769	2813.84915006	18795.8665716	11634.5703588	1.42119030531	3742.70371693	6470.53583363	3318.05168943	22.0680185083	236.622669256
Rest of Asia	Crops, vegetables, fruit and nuts	7189.22300426	0.216509274112	0	161.151850495	6579.32605251	156.09948831	0	238.240680685	20910.6330105	40.3821393002	275.79738696	471.745286232	489656.129714	10854.2756537	6900.33040518	12901.6517785	9417.2605045	1.51347332002	19.819913951	242.372370331	8001.54382183	0.0270344615844	0	0.15572935964
Rest of Asia	Wheat	0	0.221217328171	0	0	0	0.0207600836627	0	440.048968899	285.40123978	0.00335812305563	0	2.45142253747	42776.9433714	1058.21366722	96.3960416482	1175.89440171	0.031038181412	0.0215299193538	0.209686624271	0.995844809975	6.56632846809	1.28058019293e-05	0	7.01823866418e-06
Rest of Asia	Cattle	0	0.0674073005222	0	0	0	0.00528999611162	0	1760.2317182	0	0	0.0846054051453	0.00234375827489	39.0417681517	15.174232852	1643.17661149	1025.06084621	0.000357296438177	0	0	5.15659564071e-08	0	0	0	0
Rest of Asia	Animal products	223.950489281	0.0718160487372	0	4.01779856729	1062.44328805	150.745408606	0	1047.36801972	3692.78178774	3.32506931825	10.3140020225	91.9680995824	246630.042969	3681.76461152	7611.88157355	11525.2058425	2866.60808554	8.07257037586	0.203650156183	42.622630051	2187.29572987	0.0148903697965	2.36266974627e-08	0.00371921134827
Rest of Asia	Fish	334.503990657	0.00179003311589	0	4.56765043692	4203.92959433	0.0451024987024	0	4.36826148812	1765.21687176	9.68993823432	0.0179720897779	26.6549014395	143781.283887	205.379282623	54.4759993624	2884.76117248	6703.96165776	0	4.70126671577e-05	71.6152902314	869.62394667	0.0371220278515	0	0.00267122593971
Rest of Asia	Drinks and tabacco	1123.13768616	0	0	0.762674674529	0	0	0	64.6376650966	1794.53385332	0.116484071913	0	33.5521098352	175549.456638	214.221130765	0	3336.2379734	4448.92308264	0	0	6.8638397464	1938.65150209	0.00544439256345	0	0.165892634966
Rest of Asia	Food n.e.c.	1136.80799728	0	0	26.7104443461	4354.61412053	0	0	2.6235334281	8717.66760754	3.29228614872	0	88.8695458291	331260.644682	10562.1656942	0	14574.3008446	11869.8910263	0	0	15.428934151	7677.31677172	22.9536091238	0	0.0456994359519
Rest of Asia	Natural gas	1651.53407369	0.000280734307456	0	303.073963984	1.76829117816	0	1.59878617436e-07	4351.63016476	783.035853725	0.371246241193	77.0712199898	1932.92354397	20373.9596206	1269.31120041	9155.41994212	10696.7509495	38.5852560726	0	4.63504669556	1.32539945235	154.034692886	0.465146881476	0	0.00188025723086
Rest of Asia	Oil	115.347299218	0.717049191487	3.08135869053e-07	85.5901912564	2438.2447465	0	0	217.929135249	7268.77563459	0.283400059999	118.577596864	270.548890224	190904.166603	2986.70187063	11702.6907179	18858.8443607	9518.49112689	0	1494.72339761	178.998328009	5770.49422804	0.987512459531	3.59914126243	56.8587202413
Rest of Asia	Coal	0	0	0	0.0222443135106	0	0	0	0.0303236904785	2.1927832189	4.95747602165e-05	0	12.4906504294	270.216301008	0.967639471242	0	379.015120583	1.61370239278e-09	0	0	21.2172584602	7.00360407612	0.00084948212887	0	6.29536131509e-07
Rest of Asia	Mining & quarrying	4.35624449113	1.68600759746	3.19449725821e-08	734.625593955	0.301356053643	0	1.00182055814e-09	68.3386037148	33.6633481344	0.00891763574955	11.7625799729	191.00733015	2548.52339128	667.109821968	2406.93107407	8990.23021881	4.6802281328	0.00834220275642	1.46977030177	16.671721707	18.0738465633	0.0866403669518	0.0406583286743	19.010293855
Rest of Asia	Textiles, leather & wearing apparel	1961.73003846	1.75724118724	0	46.4838034257	864.638255351	0	0	53.5871127713	39472.6354548	42.4251347971	327.074349156	1024.10774607	248685.092614	7502.10830101	8257.82975549	19762.914044	35368.6601956	0	181.798975136	129.776507164	6913.87586779	0.571599707384	222.665187888	3.62468715962
Rest of Asia	Forestry etc	14.4444792363	0	0	0.560211431521	807.829679307	1.45526916177	0	63.2401045023	92.6385797313	0.302627540739	11.2657961185	24.8273345478	12748.3047336	6.03257620802	734.566841027	6820.41559128	1.2994330081	0.477725013707	0.0413040581248	5.74870024251	3.05865000068	0.000260876031588	0	0.0154065941537
Rest of Asia	Wood, paper & publishing	139.202542081	0	9.91515464707	21.7798992024	92.3138518909	0	4.60752571285	78.2593625464	2073.5038473	7.49371153866	218.834185416	86.1948640016	84649.9050467	5581.40031315	7303.55258969	10596.4558863	2293.84299089	0.470900882116	45.9662196409	27.5382049152	2334.95649602	0.230182311151	96.3745116407	6.44353722066
Rest of Asia	Chemicals & non-metallic mineral products	3669.94132684	75.5225923954	0	917.811672318	10278.2402091	0	0	1388.55493361	27893.8207537	11208.445226	525.957626788	1117.07771399	155742.699636	7865.29957406	14450.9711383	37228.4779217	75772.2642603	3907.40717368	740.136679806	491.987363028	21624.6298082	20.5154454798	107.442445808	50.1364330356
Rest of Asia	Metal & metal products	737.733108593	1.46902719339	80.3917990644	58.6985949223	44.9359667819	0	42.7481453677	399.460468485	2127.90760318	5.30445048302e-05	3254.74843026	1154.80345706	25792.7596369	332.329957416	71443.3241673	16996.5251003	2723.90447081	0	2378.25408155	474.646810244	1047.30817306	0.000554899946204	1243.23548262	8.40946547788
Rest of Asia	Electrical & machinery	3632.92583523	2.32217756803	3488.40692105	1752.27544876	11.9196933621	0	0	2566.32498381	17476.2989527	486.219454508	44504.183245	3068.36137826	208915.969966	5484.76239438	710711.887434	31612.7254847	30939.4105757	0	88591.9799277	689.206316368	5976.88804659	34.3053428348	16980.6356221	16.0787494078
Rest of Asia	Transport equipment	2807.41516116	0.00047685047671	0.266930312089	3256.0740884	7989.64666397	0	27155.1906868	193.202454217	15384.0169907	40.7746037063	21553.1768538	1154.36035379	184111.090795	3684.44405215	235191.98019	11093.9595284	46438.2737394	0	55185.566055	1091.02400094	10309.7221781	5.2269473037	10996.8026544	85.2552644301
Rest of Asia	Manufacturing & recycling	188.977365775	2.17317889583e-05	0	214.864394146	327.551979692	0	0	44.6875487961	10525.9747816	3.64048641426	1431.7009532	59.8058622786	65320.51268	204.038992847	64202.1560857	12586.3134548	24044.764067	0	3641.64455703	129.265374444	1003.23089096	0.000291775288201	383.904040637	14.2148984052
Rest of Asia	Electricity by gas	80.229751014	0	0	0	0	0	0	0	10.9551371016	0.000760183209662	2.64177674464e-07	0.0567065497226	65756.7956861	920.172607459	2.95836938665e-07	768.581401376	0	0	1.23449503813e-07	1.90251254238e-08	0.019318060415	1.8241122128e-08	0	1.37489352241e-08
Rest of Asia	Electricity other & water	55.3676021098	0	0	0	0	0	0	0	12.7623467196	0.00133110100084	3.34525207428e-05	1.43644144238e-05	150636.233098	18508.1522949	5.05255395144	17718.8314581	0	0	0	0	0.019206781007	2.53917275472e-06	0	1.23306390795e-07
Rest of Asia	Construction	4.06318843985	0	1454.76239419	0	253.947119348	0	7094.57691268	0	63.5755800039	2.22043307818	3407.82902816	2.3004185658	16595.4089117	2178.07357313	2356653.53364	2787.8350324	1.20189824906	0.00539732258414	1771.67443436	0.0210906185611	9.23221094437	0.000793388645227	702.135863581	0.00117788418892
Rest of Asia	Sale, maintenance & repair of vehicles; fuel; trade; hotels & restaurants	5726.51257056	0.0600806453543	1.47352870961	1375.27818948	3058.76535444	8.23055154071	103.770939606	48.3806528256	25865.0791515	1135.73959918	143.722967897	35.5870054333	1193246.41856	23477.8310821	94496.8269615	67890.9891951	11491.4459439	1.28344138425	5.16112679667	185.149414987	34.542968276	0.185345671134	1.05635255582	0.566903517581
Rest of Asia	Transport	1425.75246604	25.8098549584	11.5249499852	10.3223751006	2001.33452781	137.489793216	86.1394085691	47.8764796341	21198.9407029	430.466699362	208.871827137	7.57058310643	549732.771341	34209.8096691	19749.6697167	28145.9953087	16588.5551633	1542.63313258	99.9699501276	1715.02252041	33.1673354162	1.34313635122	0.604511038433	5.90198445012
Rest of Asia	Post & telecommunications	1074.95374688	0.0033106639349	0	0	18.3955537194	0	0	0	1007.61109814	1.0362891515	13.2121599537	0.006534485738	306863.292304	84.8095808063	3181.83060164	70.1622621865	912.697714408	0.274421043333	39.8911375932	0.273472867217	10.3504771112	0.0409438212283	0.029527713902	0.000362117816292
Rest of Asia	Financial intermediation & business activity	50.9618531671	12.1102183171	1.39310668281	0	3213.66760483	154.270629386	0	777.645128118	8010.52034724	542.892412784	5625.2073003	433.343566645	1760735.46223	91425.6177786	473502.985781	90259.1228267	15334.1685206	251.579895822	6306.90472016	185.94103352	184.398609224	4.7990767759	81.5149195887	0.574378149368
Rest of Asia	Public administration; education; health; recreation; other services	81.7893851985	251.372167118	16.4191583584	108.428647198	15333.8850909	7389.65138957	0	10727.6086241	9804.45837326	11303.6300271	103.457077712	3160.58982646	1078401.09741	2384459.86384	22554.0564239	797438.317761	9753.04871616	4482.40112173	0.173123492384	2038.04975664	166.655182565	127.457979295	0.712909358855	6.73145957322
Americas and Australia	Crops, vegetables, fruit and nuts	1145.78764496	0.0263341720543	0	23.1990249588	1376.45492595	331.546666469	0	832.189605992	15492.6504871	9.65984196007	195.748898293	372.360723946	16666.3391961	1.27420925302	422.892449157	118.124654982	163992.505354	157.836131501	1948.7635769	8112.12656886	1864.05890771	0.00963874605438	0	0.0843869065352
Americas and Australia	Wheat	0	0	0	0	0	0.0361308350797	0	765.860917547	202.825409814	0.00039431897233	0	1.84449646511	674.040736376	0.387647127241	0	4.04463301893	1861.92780523	40.87979317	351.358654995	605.819271041	178.828395298	0.000348755171274	0	0.0001911357868
Americas and Australia	Cattle	0	0.596125240945	0	0	0	0.00151002028455	0	502.455114125	0	0	2.14670284112	0.0157839049938	1.92433088842e-07	871.880512199	0	1.32395630841	1173.34935435	15.0258407989	2755.03354957	1217.74428573	0	3.83757403997e-08	0	4.68644990224e-08
Americas and Australia	Animal products	1367.97985717	0.522182807862	0	26.3152123174	5124.12841498	52.5551911418	0	506.902103504	2729.48376104	1.25919296671	7.50504449798	51.7009178915	20103.4736969	2.31503806659	80.6264480526	248.089214625	326853.459486	166.155283377	2511.75522731	4836.97430013	2490.68271831	0.0127524995849	3.65738280979e-08	1.32828468288
Americas and Australia	Fish	376.957835821	9.03209075291e-05	0	4.04348573911	5985.35686275	0.0648807012257	0	6.27465540275	1674.75570301	7.5266927842	0.006589212323	21.8808985937	6376.40853026	0.0523984041639	0	45.530645614	52405.2609591	21.8871874611	7.86487381591	397.300718756	324.07461297	0.014987873688	0	0.000396930404951
Americas and Australia	Drinks and tabacco	124.527455748	0	0	0.338030183943	0	0	0	43.0072713887	2379.78332256	0.389925415108	0	81.6373368328	5880.95093583	0.904670406069	0	21.4774935397	226244.286533	0	0	2331.12010442	225.066414864	0.00153115649224	0	0.146756690893
Americas and Australia	Food n.e.c.	367.53566033	0	0	9.1585432762	3661.39065533	0	0	2.07692774687	5420.79877269	2.02555485707	0	89.2602209438	17640.5991638	76.6518665504	0	198.215546007	388048.945364	8.19519404956	0	10986.0376897	2688.75061853	3.29919608458	0	0.0200239704778
Americas and Australia	Natural gas	0.0102284862566	0	0	0.00187405981788	1.14061311866	0	6.52251267668e-08	0.170290749608	230.666516175	0.00386215621149	0.000436935169725	10.8637877656	1817.36443348	0.215830574555	1.01165287171	32.6487217742	24530.0204635	0	109193.467076	4882.58080984	234.395444599	0.141528446221	0	0.0628341722921
Americas and Australia	Oil	12.5548865722	0.078147330535	0	0.977531203259	121.646438352	0	0	109.576363361	3958.33145927	0.47970320756	74.3111065656	143.449337405	3223.35842742	21.2700054284	1344.69171106	138.838485081	308390.651135	0	33772.5073765	16825.5601245	840.740596654	0.184005724606	0	1.20185260216
Americas and Australia	Coal	0	0	0	0.00118738947305	0	0	0	0	1.51393897935	0.000774848204814	0	11.567222302	43.3473385299	0.0105212952504	0	2.46741931513	11.8035856211	0	0	246.171119008	15.2325632247	0.00211259236096	0	1.56560471042e-06
Americas and Australia	Mining & quarrying	0.17870364349	0.0680571769417	0	8.01698440561	0.413383867084	0	0	66.3626723064	469.279750405	0.371417830249	7.78946806154	634.225770357	1194.98936364	291.977782026	2.13377552611	2316.28555769	1383.94693008	1.85501922369	22947.3912601	3194.74758315	294.156505205	0.0980634668683	1.9878278767	26.9309204207
Americas and Australia	Textiles, leather & wearing apparel	86.407604832	0.070499989726	0	1.39502104466	198.343720184	0	0	6.97406562381	3525.75786343	2.29076188507	25.3603952029	66.4825824443	4322.93997347	9.31915983955	65.4267864127	46.0775137026	200868.511405	3.00272265546	1141.94264555	2075.59254478	501.908038003	0.0217126390075	8.25655372253	0.404246674939
Americas and Australia	Forestry etc	3.06897769394	0	0	0.119026540113	193.237348454	0.348108470524	0	15.1273844265	20.033841827	0.251752174367	1.15154920995	8.50954494109	78.5609743254	0.0160614187664	3.51689842874	117.481402536	6564.41889457	70.6661977982	214.631141347	470.602025278	0.57037135227	4.74644767382e-05	0	0.00287301734044
Americas and Australia	Wood, paper & publishing	13.1284483867	0	1.76347765908	10.6444175052	53.1373633604	0	9.42627934503	26.6188533272	1292.4493031	2.97902614046	178.049134613	159.073528723	3336.4797772	80.5831035505	724.096264754	188.995567256	219489.445503	213.882228651	6022.99886836	4458.7916439	225.299339504	0.0913990191163	7.35389972654	29.9872329508
Americas and Australia	Chemicals & non-metallic mineral products	658.942560407	22.1112710695	0	53.4656774727	1559.57207924	0	0	245.777340576	11835.2665347	7229.95615222	133.86534317	688.499127687	27688.6217932	461.081441244	225.228028456	624.24963158	371446.459412	2735.94984676	3676.03806026	11396.8463214	1844.17997505	15.7298552606	7.08156086877	25.6617796264
Americas and Australia	Metal & metal products	87.5006424333	0.174579818772	9.55379571912	10.6984181954	9.41221918216	0	8.95396143995	329.553596956	482.137139942	1.1918812107e-05	805.413785119	1052.20725338	970.496287223	0.451092609463	2093.50718481	235.817587886	43954.9553228	0	33520.8158673	8409.55075511	99.6992794761	4.90011359072e-05	108.915095747	3.82536077098
Americas and Australia	Electrical & machinery	707.510324368	0.89767602791	1347.16123627	695.741373457	2.45465650967	0	0	485.700382587	11242.5695786	1035.35110065	28776.7167323	2717.02234753	24904.251596	652.7835211	83561.3478972	912.59039734	221622.268009	64.5100175735	732492.848386	11156.4866053	883.1003293	12.7771575969	4224.59928568	10.4197902678
Americas and Australia	Transport equipment	653.687128132	0.000220766176204	0.050754473282	2426.90644083	3961.70527692	0	23418.2591062	287.74329555	10291.3219275	52.7994487309	34818.5546721	1570.23807428	15584.9541148	84.1156324175	25070.2804199	464.827779217	262914.62492	4.54387726149	505913.647689	29481.0972939	2027.24356941	1.02825959766	2450.36264389	23.5242605852
Americas and Australia	Manufacturing & recycling	75.4169958043	8.6727118349e-06	0	85.747978576	177.916505337	0	0	24.2729490487	8376.97965068	1.67986125473	1215.35781953	44.7700085407	12805.3320074	55.2217134553	7634.61300747	4463.36428252	159878.370675	0	82198.7665873	4413.75156881	175.78563182	3.42369584045e-05	49.7377984228	7.0401200463
Americas and Australia	Electricity by gas	0	0	0	0	0.00697185471702	0	0	0.000224949850539	0.00118077852398	2.69430648912e-06	1.76069805653e-07	8.48741034197e-05	4.44795629531e-06	0	0	0	109155.646449	15.0830953899	273.091234454	16.909297062	0	0	0	0
Americas and Australia	Electricity other & water	0	0	0	0	0	0	0	0	0	0	0	0	0	0	0	0	256688.057675	18.1089175739	273.437715229	20.6498129808	0	0	0	0
Americas and Australia	Construction	0.747377300202	0	267.586996444	0	2.43109038733	0	67.9179105432	0	21.4801701659	0.577933033038	1674.15846139	1.06108962566	8.27262271327	0.402995796985	718.299653927	0.0024420397132	5372.60945654	1228.35269814	2222295.31649	1004.58136148	0.321587923788	2.68906690235e-05	25.8845873661	3.99225449759e-05
Americas and Australia	Sale, maintenance & repair of vehicles; fuel; trade; hotels & restaurants	274.216521694	6.737823433e-05	0.0014269658995	66.3153843638	2998.16793471	0.151569685628	1.91099328107	0.880114788633	17381.9157177	293.438869753	76.0288929588	34.8292850501	12542.422487	250.142059677	214.204079428	971.943070217	2201366.40846	12203.1129089	76582.2354198	104055.121348	2712.69339165	3.71288876774	1.26456103387	1.43384072946
Americas and Australia	Transport	146.731311004	6.70189476005	1.99918639903	1.3425657013	487.605683256	7.64480813702	5.11023266476	2.94354179103	13463.7320914	293.888271312	208.959625797	4.07896180211	4852.18434632	435.709662673	220.662400707	25.8553763248	679533.011967	21835.2875774	17868.2871948	52213.5783801	506.606244876	40.2873849374	9.20801840639	54.5381091509
Americas and Australia	Post & telecommunications	368.809661392	0.0011358673323	0	0	0.862636642663	0	0	0	1319.4533047	1.85858519401	23.7714498067	0.0118519486722	346.4933424	0.894054005368	30.6328692915	0.961159155698	800934.664565	91.6623857213	46102.7906244	55.7037095905	31.9570656083	0.12641391959	0.0911667240353	0.00111803762173
Americas and Australia	Financial intermediation & business activity	16.4515821886	14.8021916996	1.67558016106	0	472.240022907	19.3778364803	0	92.0111455972	8514.228017	1922.49561914	10017.9189635	571.874996616	13561.0064656	1131.62184992	4637.87926923	713.002381731	4513941.942	26449.9064299	975085.067346	20160.8709936	1602.51417862	76.3232722479	832.212370586	15.8888620254
Americas and Australia	Public administration; education; health; recreation; other services	361.451942803	73.7677724745	10.6057347455	64.9415492477	1974.71180756	302.566362214	0	104.154367518	9747.69222351	5728.90800542	150.801560881	1518.94389714	8927.49423616	2206.6747703	34.6503022307	1099.39592716	3965670.00931	3935386.7775	1805.15371412	1357525.56769	376.083013817	234.8417984	0.363913454143	6.24612850965
Africa	Crops, vegetables, fruit and nuts	1021.48381386	0.0101952093813	0	17.7233100588	108.179050071	71.9630763355	0	175.884035284	15869.3699181	8.7526769702	319.84140033	404.457319952	10677.2520918	0.534686262501	419.219909385	8.53393463819	1953.31405432	0.370750890883	8.62775692024	84.1239042702	69457.4952224	212.388249952	1460.70908382	8.94652696829
Africa	Wheat	0	0	0	0	0	0	0	0	0.0596769442412	0	0	0.000910229205091	0.301964491393	0.00106079146148	0	3.86005251091e-05	0	0	0	0.375283695286	3291.1407079	81.7153364965	65.9063891983	0.00705239733679
Africa	Cattle	0	0	0	0	0	0	0	0	0	0	0.00637558259781	4.83883438933e-05	1.12783487861e-07	1.61927851694e-05	0	1.92729551018e-05	0	0	0	0	80.8456702207	1.60906514681	847.27814506	0.00379758644326
Africa	Animal products	0.662977418694	5.77551433228e-06	0	0.0204506095866	30.1384685689	16.6131203662	0	36.4112884197	233.631921248	0.00868430630763	1.10555461327	9.27080013056	1355.49355249	0.10729497837	6.38186148197	0.511609444134	24.9712924481	0.0056570538965	0.147632520228	6.55132441146	46090.5986212	723.841844343	1825.59529224	290.750368144
Africa	Fish	6.49172285447	0.000101277904379	0	0.126762856808	78.4591670636	0.00261692880056	0	0.229029698333	1077.59642161	0.881212336129	0.00967382540211	10.6668596552	530.973352698	0.233963448244	0	2.80068092036	94.7133836229	0	7.76694909817e-06	0.720792583864	21676.8704161	0.959215650396	10.1839788508	6.01990587514
Africa	Drinks and tabacco	36.3162490004	0	0	0.125452646235	0	0	0	1.64618206522	415.772525153	0.0666145413508	0	8.14047811941	557.176602689	0.0064082652703	0	0.454823763995	148.098931817	0	0	0.419567932249	20715.0282139	0.0635127802584	0	41.6979144863
Africa	Food n.e.c.	149.653179222	0	0	3.54367371978	86.7177643233	0	0	0.0928201308879	3611.95668214	0.851247013815	0	38.6941977124	1665.91662807	6.93424532248	0	2.58759151163	777.774203068	0	0	2.56829051938	46311.0205469	135.508279674	0	41.87183093
Africa	Natural gas	0	0	0	0	0.796665889443	0	1.93121881217e-08	0.868210739674	436.075455254	8.85516214001e-06	0.972126634572	33.7956805537	903.266647091	1.22220119638	0.124011804804	9.71069377406	95.8002924602	0	9.29471499992	1.85461086702	6893.91958567	0.659095736677	4776.46067201	243.066424329
Africa	Oil	0.572603125855	0.00349679061841	0	0.7046795318	53.7081366028	0	0	40.6633469043	996.625324718	0.0586976925092	5.5049631275	56.534972481	452.415062951	9.06468712481	260.682943019	183.835814552	1385.4262405	0	292.740552641	11.4879768285	9152.07345687	0.290130073536	1578.90329625	647.025921037
Africa	Coal	0	0	0	0	0	0	0	0	0.0919330814217	2.33252640263e-05	0	0.145397523038	49.4867596935	0.0120115089077	0	5.95130413021	4.86997753137e-09	0	0	1.97862410997e-06	35.4313673609	0.0664054917456	0	4.92129315565e-05
Africa	Mining & quarrying	0.0163527177131	0	0	5.08471799223	7.82877310768e-07	0	0	22.5876005941	32.3165906618	0.0116425174126	8.12850301549	388.984542807	304.178262506	24.3795275558	3.60354697816	424.327253525	1.44263833838	0.000976837639361	2.38734116526	54.5100781118	601.379205259	0.746088272424	790.471425149	63.2070809061
Africa	Textiles, leather & wearing apparel	180.825100477	0.12576019218	0	0.881238348362	60.4822518971	0	0	1.57094865016	7679.00183012	4.95794695236	22.4395731958	79.6042706824	799.741224644	7.43642658485	12.1113437812	12.4313523013	1476.0601515	0	2.72354702979	3.50015317551	23782.0671632	10.7057877304	330.949983799	41.1196594697
Africa	Forestry etc	0.454516583401	0	0	0.0176278688675	66.6612757088	0.120087317053	0	5.21850849266	41.0365654533	0.0515347348224	9.31514898735	8.75966024254	20.5041373912	0.017608904347	0.322387600381	2.05773693518	0.0690040768213	0.0153627384849	0.00221181544785	0.488933895666	9397.82588572	0.20332144902	371.40855306	5.42758197905
Africa	Wood, paper & publishing	1.36125136782	0	0.952078698354	0.287481670841	4.03980583082	0	2.1891908053	0.607475320887	620.258933518	0.117338863256	82.5910351981	48.8125205165	274.267868088	11.0028741575	98.138381977	23.9005213117	80.9856047208	0.00132780062942	3.65278970721	2.15817753802	11869.5437157	33.3454948545	833.552150173	608.317042184
Africa	Chemicals & non-metallic mineral products	91.7792815783	0.575483966573	0	7.13891686239	19.0010045119	0	0	3.682235913	1458.34479608	433.714693543	14.4111141546	37.1244190841	2501.48516856	61.0728581748	10.2305498906	169.209224843	1387.42931406	46.2905329169	9.18164605771	23.3189183354	23336.5962872	175.232147027	1414.51320257	604.189499244
Africa	Metal & metal products	4.15921190639	0.00828670336506	0.45348581349	1.27113287456	0.156811526958	0	0.149176760395	31.2311175094	126.769915127	1.6806364303e-07	178.098613321	212.387673539	151.435994363	0.0351631199734	575.676035946	52.2805864443	51.9792448142	0	44.2832263201	26.5504033228	5175.37431312	4.2511500526	5254.31387715	625.091897518
Africa	Electrical & machinery	35.6754471528	0.0198089465175	29.7447028154	24.908013753	0.012819559957	0	0	10.1952531554	1769.34553333	121.080195554	5202.95554327	246.150645067	714.157950802	10.530335896	2250.14349904	39.2139893288	325.861605546	0	910.776227909	7.25137834245	18301.4358464	321.540823251	55432.7595285	235.688876395
Africa	Transport equipment	64.504006537	1.12871234988e-05	0.00609870265689	79.8440344684	12.3653317991	0	69.8348323526	0.835268533225	7148.11829335	13.5893184983	7922.08880291	269.752396129	813.144827929	6.27856018498	1141.06705555	47.7153291545	698.809090465	0	861.488810891	15.3772144398	18102.7084371	32.5425303647	18809.683694	537.886081859
Africa	Manufacturing & recycling	2.84556077036	3.27230331928e-07	0	3.23535936922	23.575235667	0	0	3.21634293051	1718.60407352	0.240387387891	309.320207139	19.4031038249	1190.81583605	0.938845225477	923.990028912	76.0395229182	918.117793931	0	137.066656202	4.90210501964	11098.7538692	5.41563018438	4945.06387088	144.46435232
Africa	Electricity by gas	0	0	0	0	2.95069942697	0	6.17247519062e-08	0.11665475071	0	0	2.00364328254e-07	0.000158145270467	0	0	1.72387434853e-07	0	0	0	0	0	7863.46662572	10.4002801912	0	0.0120576353659
Africa	Electricity other & water	0	0	0	0	0	0	0	0	0	0	0	0	0	0	0	0	0	0	0	0	23040.0541002	104.28233381	1.41582087957	0.195937325791
Africa	Construction	0.168355502385	0	60.2771093075	0	0.00131572921371	0	0.0367578184263	0	15.5320107581	0.570010085613	548.563817289	0.437938050053	0.987633193206	0.00454048899312	96.3334965772	0.000342363304674	0.000433778161223	1.27846410578e-07	14.3003453565	4.22138790098e-07	3908.09937323	598.735467377	262673.536442	257.288792719
Africa	Sale, maintenance & repair of vehicles; fuel; trade; hotels & restaurants	154.725711884	4.66995972551e-05	0.000989556483824	37.4160401732	0.0356410108912	0.000130810440711	0.00164926035349	0.000754867552467	2671.82438426	83.4158993676	37.6133210568	7.39750897702	18.3603113086	0.0969605034377	2.17339170891	4.71906916994	87.6148905098	3.48312507593e-05	0.0314257529565	1.21403797154	125532.13007	2189.63838988	9108.02364926	7627.46588692
Africa	Transport	22.2393508876	1.0974576693	0.640240994355	0.335891020623	0.0445605218044	0.000889088689861	0.000989764497092	0.000434357861638	2677.41762262	145.257095322	19.1725682828	2.83890453685	14.7704289013	0.52804862615	0.553405657941	0.0651709515016	2142.26939025	0.0074702531102	13.4819900173	20.0458767206	45824.1340099	5061.55765894	1421.05279752	38004.7004268
Africa	Post & telecommunications	17.0026173854	5.23649992758e-05	0	0	0.000238819237125	0	0	0	914.34678233	0.221231492821	1.62316826578	0.00178967571954	3.3535976946	0.000119144556204	0.349235950754	0.000170163934961	137.86361164	9.20486735935e-06	9.38515898063	9.1730628181e-06	28365.2109979	80.3451184643	518.027786669	0.0812871177732
Africa	Financial intermediation & business activity	0.897280510221	0.5440801854	0.0602398557993	0	0.0362636793512	0.00616988260093	0	0.0310765707446	1428.07066389	50.7904599152	1124.61217236	17.8628473225	51.9844566462	1.21533387272	22.225824349	0.665720346914	314.640657543	0.0228062940808	69.6739724902	0.0489289001418	193691.844406	9050.16337801	38826.6787648	2065.98637112
Africa	Public administration; education; health; recreation; other services	4.71401351687	1.32202137611	0.0634913116847	0.82137621034	0.0553737670867	0.104468587731	0	0.154357962856	4452.55866879	2783.64176533	21.0394117565	744.059280648	169.142284218	16.1197896268	0.425673819092	6.85853010617	511.091118127	5902.69230301	0.000198615644781	2459.42521924	130552.238843	235760.169767	1298.9700698	111153.589646
