0
31121718384
13902403057
13556880716
75746992682
6249117835
2242917803
3096880218
216706669476
300572300556
3483351191
172032688135
814709505
1962788020
5843486157
159456076431
82487759035
18171262086
12824594981
4058016118
33844666524
442312288346
10672159438
19240614702
118881215418
1932258087
62861116634
234205777498
450162707916
38813207470
193038459843
268776667902
8815329779
126114446042
6405273998
81383534248
285417510067
132951118393
772535031830
68124700408
7049247668
68957884719
2917086013290
1853473059555
88599132264
30590311825
40693464790
291041043684
3287289479591
69742678431
18613000467
398470500056
268209677
70396495456
579241916449
134020357045
46177995496
145729240775
340828251255
12136264342
18507756459
27052141882
91601964272
244414909310
16991667774
129218793981
11537314814
10604315863
47394208945
327363740493
216752528871
82941209366
23032332554
37239278065
169759453056
884087862657
126795279926
70787748285
586718946546
17880066123
236458492383
481404089861
1333066407412
97303388664
391927319483
554485843506
21274480203
51417772439
65408103798
377055953595
1069679400056
51643120736
861310672790
217982102038
20399447162
146159049911
1235408386452
497326740594
119975195987
44008961698
140326563723
1004226844017
2602399564408
169184174337
158272421900
660013688319
31784633254
262394039975
959461884558
347260720002
38601047885
992463513413
616637024001
23918823139
22899711673
42022903339
345153065416
903457104397
4765971181
408030530220
34083308606
17091083744
98454909710
541875854112
183150341855
51902239500
62394006557
68854576612
909934871739
1854874090560
89469031918
63833252671
594156714231
16713530274
168814877906
947269622174
139463932988
5846339988
460120376310
416140344978
11794700313
7976371453
40656299954
48034643444
209883671077
825897292
120735083139
13744770242
2719136639
31889951089
128403314964
35551748915
36679828171
6448879782
32526754210
77030747825
363166232696
37674526106
23153687997
39949150060
1024274569
78791916634
369018453459